"id","V1","V2","V3","V4","V5","V6","V7"
"1",0.149166208950741,0.826391535236966,0.0239839067711583,0.000447013354517496,1.07512677005132e-05,5.32518530528147e-07,5.1900386894705e-08
"1",0.913226447487774,0.0847276341785955,0.00183366518811115,0.000208450526457233,3.16452139257275e-06,5.66877585299232e-07,7.12200841777939e-08
"1",0.107557375766339,0.885542753764654,0.00642917867760139,0.000441255690420877,2.78955528063385e-05,1.48241778874575e-06,5.81303894340119e-08
"1",0.763196911499685,0.232565348329812,0.0039008417632475,0.000288715140454817,4.7824743311671e-05,3.4864294901702e-07,9.88053952367282e-09
"1",0.942380020597405,0.0504129726538132,0.00668609508441053,0.000447112264621856,6.55447793295195e-05,8.0908907745524e-06,1.63729645031401e-07
"1",0.118006915028395,0.869011142247696,0.0127455117752458,0.000210188056553445,1.66505616090081e-05,9.45313361466264e-06,1.39196886645603e-07
"1",0.221290714121795,0.231831557707879,0.535662609228903,0.0103620141220521,0.000829546249124805,1.82449689289176e-05,5.31360131767882e-06
"1",0.883279445578297,0.105617361689705,0.010459758125732,0.00062390551930284,1.78252570447596e-05,9.1224199911403e-07,7.91587919986872e-07
"1",0.165056358804113,0.83149869670653,0.00322269056512159,0.000200127785428273,2.08447829808082e-05,1.22435376925463e-06,5.70020574034154e-08
"1",0.0749366740425999,0.222055207141143,0.686750880571076,0.0153868122070254,0.00078551674395694,7.04584757943962e-05,1.44508184042912e-05
"1",0.325442448212249,0.130494830447261,0.540041467441606,0.00347614243692361,0.000521648247116906,2.08259981631031e-05,2.63721668074073e-06
"1",0.895251309666868,0.0896271999946823,0.013581112132717,0.00150823027655883,3.1616494074992e-05,5.17886662541799e-07,1.3548436014426e-08
"2",0.828186040414262,0.164586390643489,0.00675930616917794,0.000371173604408489,9.04645013274737e-05,6.61769673394794e-06,6.9706011443767e-09
"2",0.152023528413707,0.165390347746997,0.669289698997744,0.0125753578766944,0.000707755901970208,1.23169079471483e-05,9.94154940119792e-07
"2",0.0786106436487173,0.911757195686556,0.00673653028989386,0.00287611826257076,1.509415845445e-05,3.96062561915547e-06,4.57328188834564e-07
"2",0.749656250190762,0.226727053358808,0.0228876977359643,0.00062162738749691,0.00010371565497837,3.63864619216705e-06,1.70257985030846e-08
"2",0.109309439200644,0.846744374013018,0.0368419169560326,0.00664180893621608,0.000423215360959004,3.09274498332905e-05,8.31808329656795e-06
"2",0.0537938074796672,0.216489039127038,0.711897133410712,0.017047942677543,0.000711445977364942,5.94395416524469e-05,1.19178602295946e-06
"2",0.78710833420453,0.189268590909978,0.021246885700139,0.00205386436540465,0.000317823080744466,4.45601225498259e-06,4.57269487045117e-08
"3",0.300843364946198,0.0546513615387256,0.639992169888057,0.00435232264978006,0.000156938685056683,3.35576823406786e-06,4.86523949117161e-07
"3",0.983202328528468,0.0156846668793144,0.000769425435295733,0.000333836383045083,9.69465828326983e-06,4.75669070251733e-08,5.48686657916759e-10
"3",0.275301214610757,0.0595556029196647,0.65930137877053,0.00454447168200941,0.000542885510653858,0.000710856276788491,4.35902295961484e-05
"3",0.21576250433901,0.726003688612148,0.0524303007445351,0.00526992436190508,0.000505657328516071,2.72668165820556e-05,6.57797302972863e-07
"3",0.995812159727997,0.00287935850731021,0.00128100470320573,2.71109849569482e-05,3.60539135890483e-07,2.94136232785153e-09,2.5960322725488e-09
"3",0.295447401564451,0.686161955056612,0.00508746409069551,0.00248172582577904,0.0107135932749248,0.000106330786291703,1.52940124627822e-06
"3",0.98256275217631,0.015610842384123,0.00148790355228067,0.000323812763387993,9.53720733797632e-06,5.14909762389163e-06,2.8189366118251e-09
"3",0.579718358182016,0.406149116820533,0.012890657648698,0.00120340420663804,3.82412935068116e-05,2.16643163478822e-07,5.20544434590928e-09
"3",0.212534544184577,0.0932843099292137,0.686723904476869,0.00667415126119382,0.000754194519302335,2.80011946223187e-05,8.94434222173115e-07
"3",0.283529989144608,0.707544751698183,0.00800180479440934,0.00087102140397483,4.96857712499366e-05,2.29696579055552e-06,4.50221784287854e-07
"3",0.953403137148251,0.0434600304791725,0.0029757269087224,0.000128131841695539,3.17923219098287e-05,1.17022362503774e-06,1.1076623609807e-08
"3",0.192626918724098,0.665105308857142,0.130985643342141,0.0103985329517914,0.00086275496867487,2.02899110097184e-05,5.512451425284e-07
"3",0.917790938262588,0.0752275467693631,0.00642673529975794,0.000376031340166742,0.000160619612264668,1.80951789057613e-05,3.35369533315388e-08
"3",0.923333490060713,0.0715438671316609,0.00442322871179201,0.000660848252096956,3.64291267091445e-05,2.07092300779321e-06,6.57940202368078e-08
"3",0.18091457117924,0.0916170729006728,0.720722407655795,0.0064831850979287,0.000245367801518873,1.61151617731362e-05,1.28020307240348e-06
"4",0.370542203009477,0.110804252671846,0.51170326484191,0.00673502515748512,0.000198674205060544,1.59139767458166e-05,6.66137475922089e-07
"4",0.907960017801852,0.0684449641072008,0.0231637485651419,0.00040330821956569,2.73842661528861e-05,2.4805184181116e-07,3.28988245010304e-07
"4",0.304162106383376,0.0479542819402192,0.0325715374758912,0.272984252058404,0.321245000254777,0.0209165946304248,0.000166227256908772
"4",0.194448279097378,0.747048835136652,0.0563489050927574,0.00196785940406581,0.000170002442947235,1.37992340191469e-05,2.31959218033058e-06
"4",0.6561543384159,0.330496849373683,0.0105668446158797,0.00266271913004992,0.000116205380823191,2.59803897657986e-06,4.45044687034376e-07
"4",0.556817556773527,0.123718604495582,0.318828296903229,0.000556178148339437,7.43862748263604e-05,4.17450042454177e-06,8.02904072227796e-07
"4",0.864130189405805,0.122263485019316,0.00818212188215318,0.00522529532483764,0.000145736987509165,5.22839003740815e-05,8.87480005000327e-07
"4",0.222192438502908,0.0617275450296777,0.049555647019532,0.307881360460535,0.356180827127216,0.0023739205386877,8.82613214432976e-05
"5",0.150221841831133,0.76960245128967,0.0778711020985711,0.00221507306393371,8.72405815931748e-05,1.95899224002477e-06,3.32142859938936e-07
"5",0.997970290793947,0.00191949147556663,0.00010827665176134,1.2088858890408e-06,7.19296501948132e-07,9.31868777310056e-09,3.57764614131245e-09
"5",0.257327620487446,0.0496982878498596,0.690392416250714,0.0025371658714515,3.77194466838696e-05,6.52786752304002e-06,2.62226321927368e-07
"5",0.930556357165719,0.0661646558502909,0.0030236859279872,0.000243284954167455,1.15576346135566e-05,3.63736506809301e-07,9.47307152311637e-08
"5",0.190914410054777,0.76199821763649,0.0432016787970642,0.00274320109075826,0.00105819361632415,6.08484831836573e-05,2.34503214025965e-05
"5",0.981896003103016,0.0170559554873923,0.00102295393715931,2.39895823996592e-05,1.08603466945494e-06,1.16518873663805e-08,2.03475955212495e-10
"6",0.116519874434975,0.876454556307433,0.00629800384865428,0.000646689531827885,7.62936158105286e-05,4.20529705353264e-06,3.76964245882116e-07
"6",0.746440558868301,0.237223189703899,0.0138077487438664,0.00244178104224597,7.26732250764705e-05,1.07018395641129e-05,3.34657704687447e-06
"6",0.934412003325066,0.057570166797189,0.00686936339334409,0.000871610366907351,0.000273428216995954,3.32629441647597e-06,1.01606081505621e-07
"6",0.0475078428484776,0.0539368935839981,0.665915808634947,0.217163507548648,0.0131565142918146,0.0022463448678661,7.30882242492404e-05
"6",0.564774139998665,0.421911997626549,0.0120538235436044,0.00119008194477057,6.83701623634633e-05,9.6534772073028e-07,6.21376327416303e-07
"6",0.161389785878887,0.228903430646048,0.585251922591061,0.0176414631821417,0.00667376099407036,0.000131063855604469,8.57285218705956e-06
"6",0.892967266474884,0.104841705106835,0.00191087934606512,0.000260719620235426,1.81038656657637e-05,1.14934781582074e-06,1.76238498217706e-07
"6",0.214745186025823,0.729783139849266,0.053300819246177,0.0020685332889553,9.92552676685661e-05,3.02821614704485e-06,3.8105962498624e-08
"6",0.0745911935070223,0.0385571670373405,0.685038720860946,0.179741280384127,0.0182011227007235,0.00368910604793135,0.000181409461909368
"6",0.0157774548465016,0.982070619525987,0.00193173775252855,0.000197411440786885,2.14204996815632e-05,1.21225600072473e-06,1.4367851373182e-07
"6",0.883919682208659,0.109156285077118,0.00644960974167189,0.000438338130097259,3.32361508216124e-05,2.81180710179887e-06,3.68845303878306e-08
"6",0.357849603199658,0.621376361424838,0.0185648222868517,0.00213602104448544,5.65099474099746e-05,1.64184519385762e-05,2.63644818151005e-07
"6",0.125560173917469,0.168070510508471,0.501531273066199,0.199280114109541,0.00498018824761885,0.000540428727979415,3.73114227220902e-05
"6",0.191721206647472,0.233717283180102,0.562974058113763,0.0106466054164987,0.00092108011201624,1.67171490552676e-05,3.04938109274144e-06
"6",0.132106768355682,0.859917292963351,0.00742107400703229,0.000504418537079407,4.79495096205138e-05,2.45147805963362e-06,4.51491760284442e-08
"6",0.996613843091219,0.00322812020249208,0.000122455938096465,3.38096853420703e-05,1.72018778954868e-06,4.76995127110455e-08,3.19554807168975e-09
"6",0.858438922315868,0.125717083104004,0.0146487967572776,0.000531374442349513,0.000658797735262876,4.62731421223011e-06,3.98331026576196e-07
"6",0.134766998920592,0.860927233469837,0.00400929318122738,0.000272219081815583,2.16018008613111e-05,2.45463006476089e-06,1.98915602208549e-07
"6",0.979452179673329,0.0172361756356124,0.0027254168254151,0.000427423485352873,0.000158625340485345,1.18581444801465e-07,6.045836017888e-08
"6",0.915205359120401,0.0830138677610433,0.00161790062413346,0.000156023482959523,6.74827655237955e-06,8.64798658722897e-08,1.42550449281124e-08
"6",0.14673916525485,0.827263231553042,0.023420221409429,0.00150980342777147,0.00103834799407352,2.9028749871963e-05,2.01610962094563e-07
"6",0.110366202096655,0.110799480115413,0.617871162542478,0.159283238319831,0.00156186544489485,0.000105542110578379,1.25093701490407e-05
"6",0.894382564403085,0.101518653965136,0.00372958131457291,0.00036381274886874,4.97139075571507e-06,3.87138475997475e-07,2.90391053163432e-08
"6",0.184936176326326,0.209188892318769,0.475669279322229,0.120514746364958,0.007699371297557,0.00174710932322,0.000244425046940939
"6",0.00971556862953237,0.987556993332294,0.00264468006921914,6.79503373092715e-05,1.30898009419578e-05,1.71090662230855e-06,6.92408118722057e-09
"6",0.550978475740007,0.329583840033771,0.112615604741028,0.00663244574363171,0.00017956530932862,8.96615981758768e-06,1.10227241554342e-06
"6",0.672238984332215,0.194743750915203,0.129187537235825,0.00312970467632176,0.00064961277752155,4.62280590901827e-05,4.18200382334005e-06
"6",0.998343965061903,0.00161253671347824,3.76392132763966e-05,3.62580310438516e-06,1.54156296762807e-06,6.80940375089508e-07,1.07048950355801e-08
"6",0.838601504779248,0.154752904648396,0.00493455309170229,0.00167597694872091,3.40508248442416e-05,8.99726777090952e-07,1.09980312007258e-07
"6",0.218320446334122,0.763650943727885,0.0164457842860246,0.00152306510856003,5.20751613120922e-05,5.91387076937705e-06,1.77151132751595e-06
"6",0.853222507370392,0.135926247710474,0.00992870343937157,0.000898713043269903,1.79016708457305e-05,5.90419142829004e-06,2.25742187512111e-08
"6",0.11911205815713,0.752335795365333,0.126096209564802,0.00238305664329915,6.62000851952165e-05,4.65436469684689e-06,2.02581954354735e-06
"6",0.0740340559128069,0.167595998309996,0.634987438472724,0.113886006124731,0.00928807057718859,0.000189420505773007,1.90100967814392e-05
"6",0.849447212292706,0.0756575360298149,0.0684550677320868,0.0059658440416251,0.000420330736040374,5.25220354853544e-05,1.48713224115034e-06
"6",0.0223005336535295,0.0261996312744897,0.745105133550198,0.203102113957011,0.00307773995264839,0.000198732258629962,1.61153534933279e-05
"6",0.894061026362819,0.104583255524411,0.00126529997163398,8.81836551136519e-05,1.98529371213316e-06,2.45834689195407e-07,3.35762052462711e-09
"6",0.0939207782051218,0.856523329627475,0.044655371311856,0.00466404675468747,0.000225374272942766,1.00099927062038e-05,1.0898352103552e-06
"6",0.0764035715040416,0.143915819038696,0.59409052477239,0.0817769482127995,0.0965132795378357,0.00640198542033277,0.000897871513904136
"6",0.0635985133930809,0.157351762414518,0.677618016254636,0.0959327084455392,0.00475750771919984,0.000518226712017461,0.000223265061009221
"6",0.918768496997234,0.0790221463211355,0.00167033726031409,0.000503497748241932,1.8339991038325e-05,1.7119979244868e-05,6.17027910601658e-08
"6",0.252781066620967,0.375183159024388,0.268691014886421,0.0398114582051067,0.0623833316525444,0.00109988763462345,5.00819759500352e-05
"6",0.130652692539884,0.125794903800756,0.595090127176029,0.137506409034739,0.0095076076118002,0.00121107908962194,0.000237180747169471
"6",0.859588831859385,0.136860999855918,0.00323075566618142,0.00031151516194686,6.17315932398725e-06,1.63861136429981e-06,8.56858805482875e-08
"6",0.0597649405832568,0.937157203107436,0.00236597861561804,0.000690238153503439,2.1212631062258e-05,2.55898617132876e-07,1.71010506129686e-07
"6",0.860611045295193,0.117364281882762,0.019143598309517,0.00263924127397726,0.000213980235702937,1.33426439444464e-05,1.45103589037141e-05
"6",0.111758327090808,0.771527771648453,0.10793764822269,0.00626740160106164,0.00247020054125027,3.65313409767538e-05,2.11955476045387e-06
"6",0.0714360536671156,0.919864080123987,0.00766894439601426,0.000982957835831457,4.62052807653672e-05,1.68403257079086e-06,7.46637150606873e-08
"6",0.862058067016774,0.136181578873257,0.00133864625872596,0.000207070752510932,0.000190137396552308,2.42247826894947e-05,2.74919490451836e-07
"7",0.17790293441575,0.718222023613622,0.0849346696857177,0.0186423787835797,0.000278122960242274,1.90397301928387e-05,8.30810894519814e-07
"7",0.236707443465903,0.0726129320947465,0.35344832584606,0.316805601834731,0.0191544264935578,0.00124337857295611,2.78916920447906e-05
"7",0.993976024196604,0.00499340931329811,0.000786063058171212,0.000234141258083831,9.54092157209258e-06,8.20253280371247e-07,9.98990477500696e-10
"7",0.140180129964013,0.137797638526593,0.712516173085135,0.00899569568687473,0.000498081365136808,1.15566069227888e-05,7.24765324773651e-07
"7",0.133986189254784,0.767604523741474,0.0973693813488083,0.000923653210565452,0.00011288342922139,2.5491645176746e-06,8.19850629948835e-07
"7",0.990145547477721,0.00899814051312224,0.000710837254385064,0.000109797135645524,3.54578929512571e-05,2.18716995161368e-07,1.00917994167168e-09
"7",0.318235384575409,0.062467062076629,0.603495698108762,0.0150616358279599,0.000640707043091831,9.82818741847123e-05,1.23049396342579e-06
"7",0.230239291542058,0.105575977608546,0.221098005041963,0.4404882366646,0.00240790891425774,0.000185949823954312,4.63040462057741e-06
"7",0.739538310422611,0.155536410554296,0.0923802572826066,0.0122505434585371,0.000240184385722806,5.24858773654444e-05,1.80801886059043e-06
"7",0.168921800700657,0.129551975266,0.193491057752513,0.504560132914567,0.002769177403931,0.000622058219195531,8.37977431376274e-05
"7",0.341985320565774,0.615009173938729,0.0391458496814395,0.00325099699858638,0.000564311434728237,3.85910695754073e-05,5.75631116743364e-06
"7",0.130016637072886,0.00864773208386801,0.855792618031036,0.00538587802838201,0.000141449779884398,8.23379724237884e-06,7.45120670100316e-06
"7",0.928974647451872,0.0690118327136749,0.00183294443832769,0.000160635168390702,1.98212354933464e-05,1.00837681920896e-07,1.81545592887613e-08
"7",0.190479270227006,0.0851786498769781,0.472354869205607,0.237214490915711,0.013554002184217,0.00116409185325948,5.46257372219896e-05
"7",0.999148849495191,0.000785129270309874,6.27738027222161e-05,2.91587300789386e-06,3.20270691323241e-07,1.11911251540885e-08,9.69523563333912e-11
"7",0.195237041036086,0.0692057880948118,0.717858980289405,0.0161787349813149,0.0010599974458862,0.000443792939514945,1.5665212981675e-05
"7",0.032478203886511,0.966541622749701,0.00091625486250905,5.55769461207407e-05,8.12812495474133e-06,1.98042208419034e-07,1.53879945677749e-08
"7",0.135419476557302,0.040163689439613,0.414294215067601,0.396432187836444,0.0131938006128796,0.000475581340821129,2.10491453390966e-05
"7",0.624528244062431,0.146162584766217,0.226277294300966,0.00282499336115125,0.000192843785147143,5.8538000398572e-06,8.18592404875118e-06
"7",0.969258647314277,0.0297360445920931,0.000779843614772764,0.000221534633574728,3.84490560750295e-06,8.02751839931004e-08,4.66449112784806e-09
"7",0.29204738829007,0.066072423195405,0.602657938855521,0.0275112743568878,0.00830320861189007,0.00339275257845063,1.50141117759455e-05
"7",0.815901411163615,0.15909860582143,0.0200950476870553,0.00440336138369788,0.000484595193981459,1.61239188414177e-05,8.54831379332895e-07
"7",0.959259423016186,0.0140950353939662,0.0259285494055491,0.000658622426961179,5.71638580172161e-05,1.1126595084766e-06,9.32398115412644e-08
"7",0.0654325794452549,0.864651782338499,0.0653031938076176,0.00435578146398077,0.000250141898223169,6.46532003581618e-06,5.57263885711566e-08
"7",0.196628375943072,0.0559402664359811,0.48258457501023,0.264109710843625,0.000707883663898358,2.75170967591867e-05,1.67100643468716e-06
"7",0.214980246017026,0.772342187452133,0.0115551914081315,0.00105895169529247,5.49456325075891e-05,7.26138064339075e-06,1.21641426552758e-06
"7",0.566504834329031,0.422825178697863,0.00973008528088053,0.000868192871821533,7.04812784493712e-05,1.22325589120783e-06,4.28606336629674e-09
"7",0.155919208399551,0.115127460167534,0.564088166520808,0.156688411933875,0.00752314111505669,0.000614147787777585,3.94640753984498e-05
"7",0.0105675480918341,0.988882913437526,0.000477869173663601,6.78468221476529e-05,3.77516731053335e-06,4.41999760530346e-08,3.10754187307211e-09
"7",0.912962770475203,0.0855141449517593,0.00144714620319183,4.16153854418442e-05,3.4161923216487e-05,1.49021474767782e-07,1.2039712726847e-08
"7",0.239903006228071,0.0825642549887042,0.356334113336777,0.313128166481339,0.00799281041756228,7.51765293027182e-05,2.47201824442432e-06
"7",0.94312045490349,0.0478320027929438,0.00846438005831338,0.000556071695517484,2.56431484843498e-05,1.34353281151984e-06,1.03868439214271e-07
"7",0.972082180034528,0.0270019341851575,0.000814631896081034,8.75264154124328e-05,1.36243716047277e-05,1.00145208234104e-07,2.95200816996759e-09
"7",0.193096465921094,0.737516103709827,0.0656977065096176,0.00345819061153368,0.000179608820625248,5.11345183200769e-05,7.89908982925191e-07
"7",0.997918840987007,0.00144369484909461,0.000607310294326707,2.80232455029296e-05,2.12074905296984e-06,9.75559120289486e-09,1.19425019601689e-10
"7",0.271780735695304,0.0618027925394862,0.663843581754998,0.00232914968509984,0.000239033172940158,4.57628867852604e-06,1.30863492836834e-07
"7",0.170352283471453,0.748327554513905,0.0770672912974268,0.00394059518999299,0.000285354478876413,2.63277541037573e-05,5.93294242431827e-07
"7",0.186198149249625,0.0648965543593319,0.476913661487695,0.265121794565322,0.00560291095173458,0.0012134653009913,5.34640852994998e-05
"7",0.92017974429555,0.0584821294863987,0.0208913998951059,0.000351140772759165,8.68428718058123e-05,7.3340837053922e-06,1.40859467477564e-06
"7",0.802905965014683,0.139307302354202,0.0559154485217165,0.00169295854502714,0.000172834283861547,2.91161039729379e-06,2.57967011267614e-06
"7",0.0507283488819156,0.948348237969925,0.000824654008630344,9.63122216282908e-05,2.28965893613285e-06,1.52715528579153e-07,4.54343605267917e-09
"7",0.968200603969913,0.011049377537665,0.0199242851197396,0.000682916913207519,0.000141691841106124,1.07835862292528e-06,4.62597460391417e-08
"7",0.136360024976638,0.160029694800814,0.691221073814069,0.00929234985247806,0.00300101132042187,9.2119815056602e-05,3.72542052192326e-06
"7",0.892854820055646,0.0920840870668546,0.0134166227218764,0.00112383512713837,0.000468919759342914,4.94491324842867e-05,2.26613665713851e-06
"8",0.976023207734811,0.02341449351646,0.000496995099497001,6.40463819401395e-05,1.25557437745879e-06,1.67482022545097e-09,1.80938645938654e-11
"8",0.163541539792251,0.722478581286993,0.104907520080722,0.00820368117220333,0.000723658791860585,0.000134979081790552,1.00397941785394e-05
"8",0.99872313379465,0.000949642434835389,0.000241335434067344,8.51951862967274e-05,6.73749388130457e-07,1.92115442933759e-08,1.89217660178569e-10
"8",0.17139544052532,0.777243509098011,0.044771349075613,0.00590622081091413,0.00064729137700863,3.13906284739744e-05,4.79848465925971e-06
"8",0.260266522150414,0.0360964823750926,0.698327833887884,0.0052127367554346,9.36939779595427e-05,2.29330265559655e-06,4.37550560314786e-07
"8",0.994808264049147,0.00373709758793835,0.00140440960587393,4.66618215962876e-05,3.42095411053169e-06,1.4220347100211e-07,3.77786321299779e-09
"8",0.518663814938584,0.375652799821742,0.0917561828304317,0.00671323592997955,0.00659870679339506,0.000611192666402763,4.06701946510151e-06
"8",0.217562929818973,0.0545780108607862,0.71366616366435,0.0073750512395836,0.00415722322377993,0.00255843557159584,0.000102185620930995
"8",0.998962266799951,0.000913772190931709,0.000118643701525006,4.73670395107778e-06,5.28029079521784e-07,5.2365114029746e-08,2.09447397512721e-10
"8",0.259803290745529,0.0480059780730573,0.670980525796196,0.0206225664463308,0.000554947858957407,2.95966637251967e-05,3.09441620378669e-06
"8",0.791988267478996,0.198958251233502,0.00856698408075944,0.000374356862883651,0.000111079994509875,1.01167276283006e-06,4.86765857659107e-08
"8",0.98462375814115,0.0126828098296912,0.00262360587821258,6.12556234807568e-05,2.72021632494967e-06,5.84818591627498e-06,2.1252238059798e-09
"8",0.177471980802927,0.74421727547081,0.0769939667928138,0.00120366729712497,0.000100047904616342,1.25449901065728e-05,5.16741601771516e-07
"8",0.998650798903859,0.00116438996652536,0.000116726577766706,6.6926196483469e-05,1.1221967018028e-06,3.60272519749039e-08,1.31411933701256e-10
"8",0.182981323237119,0.13513950256601,0.673515167317234,0.0067298038845523,0.0015951937199605,3.58394479652336e-05,3.16982715829633e-06
"8",0.994829957455344,0.00476697074892879,0.000378445317939439,2.24513321901597e-05,2.1654336984397e-06,9.39588851841379e-09,3.16010470615641e-10
"8",0.106095208515861,0.873693667950026,0.017071778335747,0.00306760415185866,5.85880156917383e-05,1.27409369721655e-05,4.12093843292778e-07
"8",0.172906644010798,0.0833013023520622,0.739086656299914,0.00304812243997694,0.00159484545796642,5.99134329669844e-05,2.51600631531845e-06
"8",0.0157911461690397,0.98121538851504,0.00285327725727981,0.000127671794007375,1.22795846727414e-05,1.96151065967945e-07,4.05288944405258e-08
"8",0.996354030034853,0.00341509132278353,0.000221100051537887,9.44855818127081e-06,3.26299451905335e-07,3.42615923627426e-09,3.07033613119737e-10
"8",0.226571070324126,0.0757106473776015,0.692199930215574,0.00520009567925856,0.000306468847032597,1.07763461156615e-05,1.01121029219283e-06
"8",0.996476589338184,0.00282691070233022,0.000673527009586222,2.20924250329011e-05,8.77940062471659e-07,2.55936186527721e-09,2.54420665314776e-11
"8",0.0209004452268386,0.977465180186211,0.00144964820650733,0.000170948893105787,1.33865786012111e-05,3.84069334165788e-07,6.83940179476481e-09
"8",0.227206979186709,0.0863489862282846,0.681815807394441,0.00439495463811064,0.000223497004770266,8.76859649879673e-06,1.00695118648007e-06
"8",0.17935101137773,0.72249165221727,0.0921967508319285,0.00557253805268256,0.000361026932444206,2.47110583926052e-05,2.30952955254984e-06
"8",0.108943318696027,0.0614757069636176,0.791121060639059,0.037404981785131,0.000987070622772266,5.68938748539843e-05,1.09674185397845e-05
"8",0.990327352507461,0.00877224923937387,0.000759671129044208,0.000139198616011483,1.03235080222099e-06,4.92451485928788e-07,3.70582154433015e-09
"8",0.182822701356839,0.0821889795336465,0.729641281821428,0.00484497554414516,0.000379184888704694,0.000121346541658951,1.53031357758089e-06
"8",0.94811197166435,0.0275336745495298,0.0234675743059515,0.000879426821816636,7.29902534813572e-06,5.07668405564161e-08,2.86616368699758e-09
"8",0.230393462283476,0.764399432245939,0.00405184689148147,0.00106105852412173,8.60600675671602e-05,6.79524029909521e-06,1.34474711515624e-06
"8",0.235869985183588,0.0783131039624059,0.678381188918097,0.00669792639695923,0.000574224857203865,0.000131839243021071,3.17314387249294e-05
"8",0.979613273008575,0.0168114248146509,0.00334034116215716,0.000229519275823425,4.73044563096485e-06,7.03911294782806e-07,7.38186783394071e-09
"8",0.550216247209403,0.428035243077382,0.0172290434278961,0.00442135658170087,9.68187530440247e-05,1.11688773753193e-06,1.74062836878339e-07
"8",0.283115637930864,0.0566559140255671,0.656961261006755,0.00267502834645549,0.000568707195056289,2.1151048640682e-05,2.30044666169143e-06
"8",0.151137439460861,0.770928219669442,0.0736715689906728,0.00385571714630761,0.000376838669730075,2.98947223528486e-05,3.21340632982023e-07
"8",0.0745045894899174,0.00749640037315007,0.915887992726332,0.00170723060304058,0.000368537314486122,3.39776149335519e-05,1.27187814033602e-06
"9",0.189925379372036,0.0766052164208631,0.455981118483584,0.275320262339055,0.00204897275123645,0.000100379438290051,1.86711949354464e-05
"9",0.032435742210634,0.966866007082545,0.000647708672158016,4.5448402840536e-05,4.20562388047973e-06,8.72144662032483e-07,1.58632794154026e-08
"9",0.942252826879311,0.0550819918081578,0.0025962691788223,6.63687784437719e-05,2.27675264611935e-06,1.84790754212687e-07,8.18118651781331e-08
"9",0.264188484647105,0.0228171325222936,0.709960487082033,0.00295810175563157,7.26797969307566e-05,2.90962399095088e-06,2.04572015126028e-07
"9",0.204154801485783,0.701426404865746,0.0906203013917568,0.00342185370795627,0.00032986230392399,4.46649550531218e-05,2.11128978025026e-06
"9",0.996376107117255,0.00321673557535047,0.000396434693325612,8.73900329805495e-06,1.93558168648048e-06,2.85608378243272e-08,1.94682468468486e-08
"9",0.195631188559151,0.0741116518584541,0.694942401636996,0.0326979444182929,0.00253867732533884,7.38294797748099e-05,4.3067219924324e-06
"9",0.178121532010873,0.710865119204008,0.0985580644787124,0.0121136573005795,0.000255604089889778,8.46814827962644e-05,1.34143314039674e-06
"9",0.992184472068008,0.00710001311080659,0.000670832367312291,3.55490591931215e-05,9.12893189873541e-06,4.18757416045547e-09,2.75207564625345e-10
"9",0.187258377070247,0.0313429374354537,0.629106542362419,0.0889532250257299,0.0619864508314734,0.00132115998234435,3.13072923323423e-05
"9",0.0379957021250532,0.960982998586488,0.000876179524965667,0.00013451882724772,8.16337321813871e-06,9.50025667729957e-07,1.48753735936248e-06
"9",0.867009103034136,0.129122507956643,0.00323221546146472,0.000621432978814149,1.45894664423167e-05,1.48730058733425e-07,2.37244142112008e-09
"9",0.997066169882285,0.00233428698313431,0.000568224989876241,2.83290244448052e-05,2.94180195479466e-06,4.60791194734024e-08,1.23918503008996e-09
"9",0.179094804370938,0.0690569447419593,0.624605644016077,0.126275285041559,0.000932418924298322,3.43010667087666e-05,6.0183845847668e-07
"9",0.99834006936603,0.00157219992370695,7.60451947289876e-05,1.11468282442128e-05,5.33509683204981e-07,4.30095565922428e-09,8.76651005607196e-10
"9",0.219356578491237,0.1144383141303,0.64666258044078,0.0192183160109632,0.000233835412728805,8.95011790078776e-05,8.74334984421744e-07
"9",0.157035703635876,0.748814023919618,0.08770168700278,0.00354637756872452,0.00279716649632387,0.000103863696314062,1.17768036354418e-06
"9",0.17343300976285,0.0284799260595879,0.779078088649667,0.0181678037623948,0.000809594544346126,3.05244303233263e-05,1.05279083079354e-06
"9",0.98713725236399,0.0125729714910113,0.000260336969225804,2.69327341867846e-05,2.29356052708492e-06,2.12757176141561e-07,1.23883361630554e-10
"9",0.150882874958999,0.750315947733461,0.0942072567486048,0.00407043542609113,0.000427914868532397,9.05158962622103e-05,5.05436804931178e-06
"9",0.158117818602304,0.0565747535222437,0.738498977166876,0.0455504861982463,0.00117493638896051,7.55169260303284e-05,7.51119533946506e-06
"9",0.994946206640741,0.00443189990671687,0.000615357961843128,6.3021786103103e-06,2.13850974721408e-07,1.93904618540578e-08,7.0652073425441e-11
"9",0.184586322445141,0.0399351212346971,0.366375448152047,0.407906587572946,0.00111079149271595,7.76214320332238e-05,8.10767041959044e-06
"9",0.172658582015018,0.782067512659333,0.0425952985197804,0.00258792523032947,8.42906620253366e-05,6.16434758149171e-06,2.265659318163e-07
"9",0.207248134491065,0.0354976680617952,0.747499602039821,0.00943538546503873,0.000312976804145634,4.78079046538145e-06,1.45234766912101e-06
"9",0.998617795888711,0.0012970098197123,7.86241336785661e-05,6.40688656094879e-06,1.13001057236179e-07,3.80068678544982e-08,1.22634120046036e-08
"9",0.225485725109011,0.0521850758234488,0.335511291274324,0.376822921933649,0.00923354153474095,0.000495818879656139,0.000265625445169212
"9",0.15651334516476,0.749024501977984,0.0883379311261675,0.0060414738725954,7.76303693583114e-05,4.8531610247579e-06,2.64328110632417e-07
"9",0.161883753894694,0.0359857038410098,0.61245155714585,0.188933879310728,0.000699021742525882,4.24502129020187e-05,3.63385229010406e-06
"9",0.206327070819103,0.633610246671884,0.151715969731624,0.00771957098948529,0.000584577464079599,3.28957885149784e-05,9.66853530976931e-06
"9",0.996677383296586,0.00305321496808233,0.000229104328728353,3.71852635440896e-05,3.05143288773199e-06,6.0606817347034e-08,1.03354361889084e-10
"9",0.18999172958197,0.0944007861132981,0.70555855078743,0.00881465162510375,0.00103291688827717,0.000191678340972925,9.68666294823041e-06
"9",0.999447329084401,0.000523587406257529,2.70442763078597e-05,1.23884895090146e-06,7.51826460176842e-07,4.85321718161572e-08,2.54509195372018e-11
"9",0.0734868181730379,0.925552087733526,0.000818614597094894,0.000129606615662679,1.18849505033035e-05,7.26788771340173e-07,2.61141403813681e-07
"10",0.833580384026162,0.0615872293091932,0.10304565034401,0.00157657616129252,0.00019125706189432,1.50262488567569e-05,3.87684859127786e-06
"10",0.0869623348188503,0.909012711719722,0.00355381974568517,0.000365774117200435,0.000102401138523439,2.61673779088717e-06,3.4172222768101e-07
"10",0.871478596230287,0.06241779142572,0.0631683809171569,0.00287315884589717,5.94148875926509e-05,2.32902242794498e-06,3.2867091788509e-07
"10",0.0857778384037912,0.813210011429949,0.0884356480766293,0.0115162116646223,0.00100717820555529,4.07696142617999e-05,1.234260519072e-05
"10",0.993562871628758,0.00632409845329708,0.000104138320735326,8.49223170642468e-06,3.6546387252068e-07,1.27371881928744e-08,2.11644422414749e-08
"10",0.797991260316449,0.107468574916906,0.0917371225165309,0.00248405779727128,0.000281281983533266,3.64062575734611e-05,1.2962117357667e-06
"10",0.00746150370496564,0.041621666329269,0.946021009280316,0.002224010027206,0.00262025997160064,4.06609330046618e-05,1.08897536384941e-05
"10",0.828804224538984,0.0887681939556058,0.0776176182604242,0.00464322067277713,0.0001612847999311,5.39680475294721e-06,6.09675247161436e-08
"10",0.0867533717227507,0.0978205312310047,0.806981045772043,0.0081907697718326,0.000240855533958838,1.22753068390712e-05,1.15066157077812e-06
"10",0.867945790316995,0.0600393574256712,0.0706970763484402,0.00128011389453463,3.62612059816262e-05,1.19841844035431e-06,2.02389936779633e-07
"10",0.0586046693540451,0.120644436784243,0.817305532729842,0.00328131905717793,0.000154015996659208,8.57945914765701e-06,1.44661888513842e-06
"10",0.807371601356614,0.0534493319032142,0.120341717819886,0.0164560200234962,0.00233353872319341,4.51467798021967e-05,2.64339379407047e-06
"10",0.0166934088307258,0.979500945571146,0.00290847392254564,0.000770004667522235,0.000123603823866087,3.50508608008705e-06,5.80981144663562e-08
"10",0.765359573763991,0.168450499376766,0.0615047243658458,0.00422573043894819,0.000453203900551266,6.00292415571105e-06,2.6522974207411e-07
"10",0.0279934319102974,0.971058490870576,0.000901108563309397,4.4647845122719e-05,1.92201527533901e-06,3.96435501501938e-07,2.35991716368118e-09
"10",0.802930585255871,0.0802183811343508,0.110339037106798,0.00604227885661343,0.000417560678892327,5.06755870203693e-05,1.48138045409216e-06
"10",0.078122808314564,0.116662175340051,0.803440551415334,0.00170948366060199,6.25058581968612e-05,2.42670767112753e-06,4.87035806323398e-08
"10",0.117370268668092,0.851854563565941,0.0271233866117628,0.00335000811755685,0.000280315812303246,1.8593757935574e-05,2.86346640882135e-06
"10",0.299188786830539,0.412677826904245,0.273196707513591,0.0143402787344997,0.000585544166785794,9.64434012001852e-06,1.21151021982034e-06
"10",0.11122427280978,0.856310030557488,0.0308404746384801,0.00125985119617538,0.00035387687989712,1.13996533294626e-05,9.42648491769106e-08
"10",0.829053568047904,0.0464436639733288,0.123080143219073,0.00113722892876778,0.000275240822243406,1.01312825302818e-05,2.37261523070611e-08
"10",0.454990475104294,0.290824726313642,0.234102811029089,0.017918484553942,0.00206289969857923,9.31624074112517e-05,7.44089304131078e-06
"10",0.0693851702506369,0.914649175342299,0.0133808708964673,0.00239877651163711,0.000176613928466389,9.11221288248841e-06,2.80857610854539e-07
"10",0.796732879430668,0.108823607234649,0.0928568085593957,0.00126158992848075,0.000249948253137746,7.45294216841708e-05,6.37171984957832e-07
"10",0.0425677380350982,0.0749528475448768,0.878445610070598,0.00391795099711062,0.000113703631392582,1.9431331631652e-06,2.06587760902993e-07
"10",0.101217608944921,0.869602244258394,0.0274665759493134,0.00166170042320923,4.99387504595539e-05,1.88813160426047e-06,4.35420991145883e-08
"10",0.0163499568213937,0.0330575015010204,0.946551486972772,0.00383119738373124,0.000175586986139476,3.38135287729491e-05,4.56806169965416e-07
"10",0.105949486638587,0.892258083868911,0.00160245012532467,0.000178472250808891,1.13590026542884e-05,9.14160094505874e-08,5.6697704213102e-08
"10",0.658983078169701,0.217977505613809,0.0923766399869361,0.0294054490751649,0.00119443349033605,5.62505613350103e-05,6.64310271766608e-06
"11",0.0157851358615353,0.0056959370018783,0.976192395270394,0.00213082902200621,0.00017738016319814,1.653139445569e-05,1.79128653265039e-06
"11",0.205429703388469,0.766662142549636,0.0266320345553932,0.0011143023470843,0.000158908888391329,2.70113427589055e-06,2.07136750327847e-07
"11",0.135110668135264,0.128901366043256,0.729231409430964,0.00643862708604339,0.000289492276646058,2.76775569179802e-05,7.59470908027627e-07
"11",0.996632336068968,0.00270355165352383,0.000653876968753875,9.47781696179446e-06,7.42705438846405e-07,1.46287919300052e-08,1.57562020982124e-10
"11",0.987738380810768,0.0116280149644007,0.000587503482901519,4.30039271416292e-05,3.07105480842411e-06,2.56260729059088e-08,1.33906359020015e-10
"11",0.219655391759774,0.662745585244361,0.104991060213514,0.0120316057864101,0.000542002847443972,3.28891209617123e-05,1.46502753598821e-06
"11",0.199805009723212,0.0652363628719147,0.731881511024633,0.00280314392318559,0.000256209354030013,1.71242696508181e-05,6.38833373317351e-07
"11",0.889956252253563,0.102029718147272,0.00713084781187817,0.000787024621117075,9.55573379518993e-05,5.83760327405418e-07,1.60678896727928e-08
"11",0.176188367326569,0.0784820618536964,0.740994484543386,0.00389029654329046,0.00043673432036658,6.66801667209614e-06,1.38739601965435e-06
"11",0.992891845168032,0.00610032665916825,0.000381735381602605,0.000583017050537258,4.22019938750163e-05,7.2831137690209e-07,1.45435407579501e-07
"11",0.916409333124211,0.0287154927875021,0.0540985377246917,0.000721182718952424,4.45543757005563e-05,1.08214135641412e-05,7.78553783013118e-08
"11",0.201101633293328,0.701634752802927,0.0929066851627398,0.00416596150829306,0.000152796458240404,3.60080742786555e-05,2.16270019349999e-06
"11",0.998587360474265,0.00128006826827971,0.000128304774160885,4.17900359405036e-06,8.0315772442031e-08,7.1592877375089e-09,4.6403454447582e-12
"11",0.187787005084433,0.740733974897177,0.0700514770935527,0.00130717980807306,0.000106280055178201,1.28911697424807e-05,1.19189184335088e-06
"11",0.955772041857685,0.0359785018010697,0.0074637919928067,0.000482647483719494,0.000221979638035234,7.73350425150048e-05,3.70218416894208e-06
"11",0.161434206824943,0.76266194202041,0.0750137878605444,0.000834110757022885,5.34123537384253e-05,2.27272884224614e-06,2.67454499264532e-07
"11",0.134953355211467,0.0363988973340777,0.82625145755452,0.00213134579543027,0.000234953571295689,2.91649099132056e-05,8.25623295427638e-07
"11",0.234426366096756,0.71711847457518,0.0430743931440206,0.00512013789978527,0.000229927370293823,2.60770042671141e-05,4.62390969757372e-06
"11",0.995005862603397,0.00358396405279502,0.00138634531313624,2.18426293103078e-05,1.57236776400979e-06,2.99515649392417e-07,1.13517948014414e-07
"11",0.12408661496129,0.875429255243142,0.000458980509667623,2.34518847992025e-05,1.65861314178534e-06,3.5377338182818e-08,3.41062099177543e-09
"11",0.970205615325732,0.0236538435942645,0.00577547508722285,0.000324300995256642,3.23292993217881e-05,6.74199091443329e-06,1.69370728770788e-06
"11",0.0479488321926506,0.00834750497373352,0.940737411715149,0.00280414116194744,0.000156667649957346,4.13093885890554e-06,1.31136770300757e-06
"11",0.99855089995767,0.00129860799088029,0.000141417840613937,8.36654566287592e-06,7.06191740897973e-07,9.37625885884098e-10,5.35805671143521e-10
"11",0.0313036523339505,0.0157021645517703,0.949192459933998,0.00358071890368698,0.000205881404027627,1.42921053037882e-05,8.30767263071784e-07
"11",0.284124468217955,0.632035356658712,0.0755219728513694,0.00777476665988152,0.000434592560433845,0.000107137138616614,1.70591303207335e-06
"11",0.808170156261616,0.189576487841306,0.00205241409462697,0.00016032014729771,4.03194013560537e-05,3.01333291706504e-07,9.20505638184863e-10
"11",0.991409406185433,0.00637017830327196,0.00213667920146551,7.62829124222613e-05,7.43784665475971e-06,1.5141154552916e-08,4.09597903841722e-10
"11",0.248038990116378,0.677850247817103,0.0689938557534277,0.00297442969984621,0.00212261700637012,1.82800353018985e-05,1.57957157263098e-06
"11",0.219941501615211,0.0716879796916988,0.697551426371882,0.00921966993526443,0.00156212099543537,3.3410089547397e-05,3.89130096166168e-06
"11",0.30902226816445,0.68926184073985,0.00165117281884858,6.03728400143103e-05,3.58256781657349e-06,7.34081135014135e-07,2.87878854351283e-08
"11",0.98291649461301,0.016441925714173,0.000596992686054105,3.68895722049216e-05,7.39213592832683e-06,2.97565039269665e-07,7.71359023965631e-09
"11",0.160017473218912,0.0301754334283125,0.806420421040196,0.00326444805210449,0.000114707416271252,7.16091057143157e-06,3.55933632303634e-07
"11",0.245542026731712,0.749444936885714,0.00335184628436062,0.00148365728519782,0.000174807211443952,2.66551499610165e-06,6.00865751922715e-08
"11",0.18463051662911,0.0616682134258104,0.717471510731905,0.0340398885475891,0.00195559719483417,0.000228543924410084,5.72954634084005e-06
"11",0.977221403619263,0.0216219350090992,0.00104483447297452,0.000110119643483707,1.43391830338545e-06,2.73290680269617e-07,4.619582417687e-11
"11",0.221500225730542,0.768322940258908,0.00927286382962217,0.000558219052802797,0.000329799520339619,1.46615316728793e-05,1.29007611247085e-06
"11",0.98870580206627,0.0102672688825724,0.000981272521368317,4.42742175246262e-05,1.3594853396805e-06,2.24988859807319e-08,3.28038992106949e-10
"11",0.23510452873932,0.758796284660228,0.00524312382893858,0.000807451550477271,4.28112358796594e-05,5.78828275951629e-06,1.17023976408284e-08
"11",0.998778664720697,0.00113798151058485,7.77266567883689e-05,5.34899813009395e-06,2.77298309094285e-07,7.91118121043297e-10,2.43723055564646e-11
"11",0.200439115601151,0.755292015837856,0.043350459286176,0.000845281895661585,7.04687145700127e-05,2.60476411952182e-06,5.39004665057323e-08
"11",0.962007464255645,0.0357023398230356,0.00217959228230363,0.000105670075823229,4.60690359873269e-06,3.26281166478159e-07,3.7842687764912e-10
